1260.0 6.960949000000001e-19
1270.0 1.0890696063011497e-18
1280.0 1.9911308856547004e-18
1290.0 2.624847459645179e-18
1300.0 3.385042849810562e-18
1310.0 5.338179071438323e-18
1320.0 8.155935479277686e-18
1330.0 9.513734083778707e-18
1340.0 1.7601835511813613e-17
1350.0 2.489003350474226e-17
1360.0 3.0600773522709664e-17
1370.0 3.186624124376098e-17
1380.0 2.753226615773916e-17
1390.0 2.0611868865503066e-17
1400.0 1.5533360946518035e-17
1410.0 1.3056046858543594e-17
1420.0 1.1509518685019309e-17
1430.0 9.51802711027022e-18
1440.0 1.0569796199301734e-17
1450.0 1.4567956033727783e-17
1460.0 1.8301159777323148e-17
1470.0 2.8047471152342434e-17
1480.0 3.784652188445507e-17
1490.0 5.0643982485296883e-17
1500.0 6.02736505778355e-17
1510.0 7.031749699875292e-17
1520.0 8.078578868074051e-17
1530.0 8.817167243572175e-17
1540.0 8.930485080910936e-17
1550.0 7.418851327491716e-17
1560.0 7.34791954435631e-17
1570.0 6.497358805514354e-17
1580.0 6.18240089710077e-17
1590.0 6.205387999708268e-17
1600.0 7.971508664791509e-17
1610.0 9.239616401827034e-17
1620.0 1.1845333015006915e-16
1630.0 1.2297727039585208e-16
1640.0 1.3062863890010461e-16
1650.0 1.3268499272565926e-16
1660.0 1.3392820785756288e-16
1670.0 1.3964548968662198e-16
1680.0 1.320054360177718e-16
1690.0 1.183003823928758e-16
1700.0 1.1288445754973002e-16
1710.0 9.864793400368121e-17
1720.0 2.1994669014420588e-16
1730.0 4.2589499067974516e-16
1740.0 6.319071302685633e-16
1750.0 8.375705041179902e-16
1760.0 1.0432454326774298e-15
1770.0 1.2489319159468784e-15
1780.0 1.0268108994498573e-15
1790.0 1.238850961597542e-15
1810.0 -2.247592969684456e-18
1820.0 -4.9328620322150475e-17
1830.0 7.815893662445857e-17
1840.0 4.7626819653067124e-17
1850.0 3.8374702402869614e-17
1860.0 1.1708608472955626e-16
1870.0 5.3636866505797755e-17
1880.0 1.174891035229634e-17
1890.0 6.78260642646125e-17
1900.0 5.2070319494429873e-17
1910.0 1.53894429502515e-17
1920.0 2.00664382769911e-17
1930.0 1.8246545840313166e-17
1940.0 4.702163855068053e-18
1950.0 3.376312406589862e-17
1960.0 3.9149702471663257e-17
1970.0 4.322290528471937e-17
1980.0 4.364242943403634e-17
1990.0 8.304000333786006e-17
2000.0 5.356544499888161e-17
2010.0 3.8109670798839647e-17
2020.0 4.1857781685595695e-17
2030.0 3.072038043646219e-17
2040.0 1.3377401154070305e-17
2050.0 1.7905495342120434e-17
2060.0 4.3870223526521654e-17
2070.0 3.9008801617950954e-17
2080.0 5.600847088966267e-17
2090.0 3.982879609552965e-17
2100.0 5.2930489098220345e-17
2110.0 3.145721150364581e-17
2120.0 5.3263856557550456e-17
2130.0 4.355173768826334e-17
2140.0 5.35445213096866e-17
2150.0 3.044477040814223e-17
2160.0 2.286670303419065e-18
2170.0 2.8947922888841766e-17
2180.0 1.8124613360147853e-17
2190.0 5.00678821288116e-18
2200.0 3.071492888540207e-17
2210.0 8.38249675085275e-18
2220.0 3.8749965637073905e-17
2230.0 2.9345635784316803e-17
2240.0 1.5925024568598462e-17
2250.0 5.707350954116067e-17
2260.0 3.3638082826344043e-17
2270.0 1.7989051742890874e-17
2280.0 5.5284193298403545e-17
2290.0 2.4761948863605068e-17
2300.0 8.991041444944589e-17
2310.0 6.641882685209901e-17
2320.0 5.54352244279344e-17
2330.0 7.583854380329878e-17
2340.0 7.463190862012224e-17
2350.0 7.159039743480204e-17
2360.0 8.454978149241777e-17
2370.0 8.758567215552321e-17
2380.0 9.798353316489116e-17
2390.0 8.639107846635736e-17
2400.0 1.0445771841431001e-16
2410.0 1.0234560162507561e-16
2420.0 1.0963795537441275e-16
2430.0 9.20220953637043e-17
2440.0 1.0036796637477752e-16
2450.0 8.440977854952082e-17
2460.0 8.863397661025308e-17
2470.0 9.984494783875152e-17
2480.0 1.1200590398392434e-16
2490.0 1.555185793455641e-16
2500.0 1.421034427852577e-16
2510.0 2.0069056889375662e-16
2520.0 1.9351368645291705e-16
2530.0 2.1180895968380633e-16
2540.0 2.227460586833479e-16
2550.0 2.0548828256637964e-16
2560.0 1.9354461191847574e-16
2570.0 2.4363394541141316e-16
2580.0 2.240440271172519e-16
2590.0 1.9943847868412062e-16
2600.0 1.7639230782516346e-16
2610.0 2.2097976425943882e-16
2620.0 2.1397444237192236e-16
2630.0 2.313083615790521e-16
2640.0 2.512078474755984e-16
2650.0 2.347653368473926e-16
2660.0 2.8504011173789126e-16
2670.0 3.02765773159583e-16
2680.0 3.1310071846272636e-16
2690.0 3.596932244662752e-16
2700.0 3.8045303862256425e-16
2710.0 4.602034408280745e-16
2720.0 5.189522303966666e-16
2730.0 5.875825547417263e-16
2740.0 6.196723023663479e-16
2750.0 6.86571213895748e-16
2760.0 6.542610287050872e-16
2770.0 6.535546448333273e-16
2780.0 7.957737616025092e-16
2790.0 8.550701759869881e-16
2800.0 7.203422972059483e-16
2810.0 8.115893111775853e-16
2820.0 9.831143026946383e-16
2830.0 1.1652591475212327e-15
2840.0 1.2733382093760333e-15
2850.0 1.3648759585830137e-15
2860.0 1.4752715532785723e-15
2870.0 1.809662739856207e-15
2880.0 2.03008808938562e-15
2890.0 2.2269434400362198e-15
2900.0 2.5323472848792758e-15
2910.0 2.6385510397817534e-15
2920.0 2.798433950144357e-15
2930.0 2.840324644168182e-15
2940.0 2.899553072345089e-15
2950.0 2.8849658388541495e-15
2960.0 3.064673991634955e-15
2970.0 3.234577741003192e-15
2980.0 3.0731962535520634e-15
2990.0 2.8801930234050457e-15
3010.0 2.3368892628926856e-15
3020.0 2.536969204860844e-15
3030.0 2.3300090445335023e-15
3040.0 2.523695846000402e-15
3050.0 2.9361795165720925e-15
3060.0 2.8694271961588504e-15
3070.0 2.6902847918539e-15
3080.0 3.2428468425811888e-15
3090.0 3.2822287029238332e-15
3100.0 3.0547963730922796e-15
3110.0 3.2984746062151094e-15
3120.0 3.960546900751473e-15
3130.0 4.017168025965373e-15
3140.0 4.040730235683955e-15
3150.0 4.3148403493708744e-15
3160.0 4.216350603752715e-15
3170.0 4.1693367425540995e-15
3180.0 3.7002257787682005e-15
3190.0 3.737303991380006e-15
3200.0 3.264682273029653e-15
3210.0 3.042754690403003e-15
3220.0 3.0375012690367897e-15
3230.0 2.903621707576928e-15
3240.0 2.7446068014741432e-15
3250.0 2.675000467837262e-15
3260.0 2.561495563664545e-15
3270.0 2.5093100066310233e-15
3280.0 2.479581888281373e-15
3290.0 2.808613420425396e-15
3300.0 2.346362554277579e-15
3310.0 1.435514311148883e-14
3320.0 3.1070456354312346e-15
3330.0 3.465734844930206e-15
3340.0 3.2690441334283185e-15
3350.0 3.481740743174985e-15
3360.0 3.277452018952142e-15
3370.0 3.424765843178433e-15
3380.0 3.378779697361756e-15
3390.0 3.746475667495787e-15
3400.0 3.767112998342449e-15
3410.0 3.7049307611541594e-15
3420.0 3.829449148522091e-15
3430.0 4.1696054489574544e-15
3440.0 4.007634334986939e-15
3450.0 4.2803639897327206e-15
3460.0 4.525597349489239e-15
3470.0 4.851828374792698e-15
3480.0 5.266029440325552e-15
3490.0 5.2085508202464745e-15
3500.0 5.642382567705355e-15
3510.0 5.750674745329673e-15
3520.0 5.9199960456593574e-15
3530.0 6.1536154528699935e-15
3540.0 6.531511588654166e-15
3550.0 6.866095956026953e-15
3560.0 7.181173183548193e-15
3570.0 7.544435131918379e-15
3580.0 7.352172245083626e-15
3590.0 7.607721123206964e-15
3600.0 7.885284292748698e-15
3610.0 8.292136192697515e-15
3620.0 8.024750988185591e-15
3630.0 8.23632484365012e-15
3640.0 7.842941157924556e-15
3650.0 7.685587266820819e-15
3660.0 7.480924481162498e-15
3670.0 6.963633175969652e-15
3680.0 6.687460847470321e-15
3690.0 6.29458117743635e-15
3700.0 6.071419025477416e-15
3710.0 5.6895100077564855e-15
3720.0 5.214279818940674e-15
3730.0 5.015121886566793e-15
3740.0 5.0109628656758084e-15
3750.0 4.9165501732884146e-15
3760.0 5.5695319688877425e-15
3770.0 5.373718879909702e-15
3780.0 4.9775396916152125e-15
3790.0 4.733727423952217e-15
3800.0 4.285484331050379e-15
3810.0 4.219707068350705e-15
3820.0 4.2954696953414715e-15
3830.0 4.2459368183091795e-15
3840.0 4.468618083660894e-15
3850.0 4.90233218772182e-15
3860.0 5.7553086501249945e-15
3870.0 6.419880545904052e-15
3880.0 7.421908973443873e-15
3890.0 7.579446063570678e-15
3900.0 7.827410102823031e-15
3910.0 7.878796373384856e-15
3920.0 7.927949565672799e-15
3930.0 7.849525091236213e-15
3940.0 7.605217630940811e-15
3950.0 8.27028960427195e-15
3960.0 8.741779419814909e-15
3970.0 8.38730167262042e-15
3980.0 7.606682857742463e-15
3990.0 7.53361506442703e-15
4000.0 7.560859396442005e-15
4010.0 7.566961397004278e-15
4020.0 7.767433871208984e-15
4030.0 8.127648695845617e-15
4040.0 8.339997225808433e-15
4050.0 8.652277379292026e-15
4060.0 8.862456866646827e-15
4070.0 8.955282020995413e-15
4080.0 8.547567154486252e-15
4090.0 8.583669702520103e-15
4100.0 8.144723563168295e-15
4110.0 7.919446168317623e-15
4120.0 7.550717466920589e-15
4130.0 7.632173618423253e-15
4140.0 7.274097209722847e-15
4150.0 7.265606948939724e-15
4160.0 7.528014707077328e-15
4170.0 7.634772268396846e-15
4180.0 8.12975815204451e-15
4190.0 7.7583084048192e-15
4200.0 7.495027839702109e-15
4210.0 7.0309809200799656e-15
4220.0 6.78773636486844e-15
4230.0 6.3150887417175774e-15
4240.0 6.227594078969392e-15
4250.0 6.035747340984155e-15
4260.0 5.701884538577528e-15
4270.0 5.559785533251865e-15
4280.0 5.0765317761453315e-15
4290.0 5.2327035331210676e-15
4300.0 4.965941081387906e-15
4310.0 4.9158922382138965e-15
4320.0 5.1265216568562016e-15
4330.0 5.351098198822983e-15
4340.0 5.3639011989047e-15
4350.0 5.6390086061700104e-15
4360.0 5.814905221464174e-15
4370.0 5.741097914731971e-15
4380.0 6.091701090904924e-15
4390.0 6.377463375264368e-15
4400.0 6.345785905679567e-15
4410.0 6.627540920088691e-15
4420.0 6.7352657152922385e-15
4430.0 6.594447778865838e-15
4440.0 6.686452610606727e-15
4450.0 6.867059963363388e-15
4460.0 6.835828608393271e-15
4470.0 7.106823193065641e-15
4480.0 7.227595415286173e-15
4490.0 7.487650156445865e-15
4500.0 7.456684118750594e-15
4510.0 7.391541532465742e-15
4520.0 7.38030651046066e-15
4530.0 7.21788443214166e-15
4540.0 7.083378464537024e-15
4550.0 6.763955424755071e-15
4560.0 6.7209608397303414e-15
4570.0 6.844202226827131e-15
4580.0 6.9134632705349356e-15
4590.0 6.997190708751309e-15
4600.0 7.153868613670411e-15
4610.0 7.385796918671602e-15
4620.0 7.143394020735474e-15
4630.0 6.960723399013384e-15
4640.0 6.731685347207732e-15
4650.0 6.659776477321167e-15
4660.0 6.260354874107321e-15
4670.0 6.121893838287809e-15
4680.0 5.917401416720119e-15
4690.0 5.724098506103124e-15
4700.0 5.700659281912245e-15
4710.0 5.600747805068767e-15
4720.0 5.704982631820855e-15
4730.0 5.6620240595157835e-15
4740.0 5.754925777740659e-15
4750.0 5.246000978276354e-15
4760.0 5.065305119290283e-15
4770.0 5.146577856369396e-15
4780.0 5.141409899671112e-15
4790.0 5.147371500689911e-15
4800.0 5.305060849799563e-15
4810.0 5.273561386469559e-15
4820.0 5.306947996290009e-15
4830.0 5.2319085338822146e-15
4840.0 4.8502289665761876e-15
4850.0 4.738779335050907e-15
4860.0 4.3959265969213325e-15
4870.0 4.459249648897147e-15
4880.0 4.615024065274907e-15
4890.0 4.81943758943059e-15
4900.0 4.795222020261556e-15
4910.0 4.4944036029643144e-15
4920.0 4.73329601970336e-15
4930.0 4.487408305880239e-15
4940.0 4.4845657395379896e-15
4950.0 4.344663274646549e-15
4960.0 4.366611965813657e-15
4970.0 4.15802476930437e-15
4980.0 3.976363391314006e-15
4990.0 3.9459870613036374e-15
5000.0 3.9402804831851104e-15
5010.0 4.1455896706587695e-15
5020.0 4.060389270576862e-15
5030.0 4.298750902571509e-15
5040.0 4.44945956504605e-15
5050.0 4.591460265633951e-15
5060.0 4.698989412193018e-15
5070.0 5.066664750313043e-15
5080.0 5.400714336593586e-15
5090.0 5.4836483761628095e-15
5100.0 5.712390662357589e-15
5110.0 5.765822863959982e-15
5120.0 6.035576609211115e-15
5130.0 6.028690638458141e-15
5140.0 5.947689250916392e-15
5150.0 5.929093177855964e-15
5160.0 5.805440569303208e-15
5170.0 5.7561579747019025e-15
5180.0 5.7222172898223554e-15
5190.0 5.664534668021627e-15
5200.0 5.818257437612462e-15
5210.0 5.6885372824201405e-15
5220.0 5.6625856842998555e-15
5230.0 5.497337685933741e-15
5240.0 5.176867462181996e-15
5250.0 4.722085124111141e-15
5260.0 6.292394166355979e-15
5270.0 4.1861885031870215e-15
5280.0 3.927428025402549e-15
5290.0 4.087112392472681e-15
5300.0 4.040991619172751e-15
5310.0 4.022498832680828e-15
5320.0 3.848663956644905e-15
5330.0 3.8215470891791355e-15
5340.0 3.968620054249719e-15
5350.0 4.0531968415340026e-15
5360.0 4.255129261764777e-15
5370.0 4.4006377293014574e-15
5380.0 4.272057305039683e-15
5390.0 4.4810885679867795e-15
5400.0 4.3446126352152286e-15
5410.0 4.337176495960607e-15
5420.0 4.34085913667055e-15
5430.0 4.1964952972347336e-15
5440.0 4.0371528550441155e-15
5450.0 3.828878112260057e-15
5460.0 3.7022329791339795e-15
5470.0 3.643324329322866e-15
5480.0 3.80868778580289e-15
5490.0 3.894699746786218e-15
5500.0 4.135099566873256e-15
5510.0 4.2994133348892806e-15
5520.0 4.394926031786233e-15
5530.0 4.504700149897892e-15
5540.0 4.5525624221524176e-15
5550.0 4.758195677771226e-15
5560.0 4.9305247877706864e-15
5570.0 5.007653145869067e-15
5580.0 5.072238808931112e-15
5590.0 5.0001057681602e-15
5610.0 5.18145527961379e-15
5620.0 4.962459766878803e-15
5630.0 5.029019034459172e-15
5640.0 4.791187397661265e-15
5650.0 4.905932787745104e-15
5660.0 4.832218061524335e-15
5670.0 4.69079132132677e-15
5680.0 4.59825150669735e-15
5690.0 4.655242993226987e-15
5700.0 4.7024766849217044e-15
5710.0 4.53880990871553e-15
5720.0 4.6060589580433796e-15
5730.0 4.4956086999772815e-15
5740.0 4.49581685990677e-15
5750.0 4.467972144235801e-15
5760.0 4.4606591768260145e-15
5770.0 4.517526248706937e-15
5780.0 4.407434436463568e-15
5790.0 4.3014637255844596e-15
5800.0 4.479165424902949e-15
5810.0 4.46430785936471e-15
5820.0 4.398206526902572e-15
5830.0 4.674090636603732e-15
5840.0 4.381421291695526e-15
5850.0 4.548509181665669e-15
5860.0 4.675556931265206e-15
5870.0 4.551065190462101e-15
5880.0 4.60922650293421e-15
5890.0 4.440114798844699e-15
5900.0 3.676639669671667e-15
5910.0 4.16189962401147e-15
5920.0 4.517220562643374e-15
5930.0 4.313422168969728e-15
5940.0 4.2998904783615206e-15
5950.0 4.374406801985889e-15
5960.0 4.415903694214641e-15
5970.0 4.3470021088579e-15
5980.0 4.3112069908267355e-15
5990.0 7.444405362786754e-15
6000.0 4.358095045743542e-15
6010.0 4.4086843744733325e-15
6020.0 4.4608144325511186e-15
6030.0 4.1530438348532366e-15
6040.0 4.0974750267501705e-15
6050.0 4.037951823033703e-15
6060.0 3.9391495372423705e-15
6070.0 3.919673380448781e-15
6080.0 3.748191700389639e-15
6090.0 3.274308685529874e-15
6100.0 3.005214300120835e-15
6110.0 2.7322842752220654e-15
6120.0 2.385724922098451e-15
6130.0 2.2419086230045314e-15
6140.0 2.0188415178643303e-15
6150.0 2.0160377808718096e-15
6160.0 1.9833031001696906e-15
6170.0 2.201395588652266e-15
6180.0 2.3513492682205294e-15
6190.0 2.4381657642262705e-15
6200.0 2.6730667309809833e-15
6210.0 2.8292776138926698e-15
6220.0 3.0198156992321932e-15
6230.0 3.0700604082187134e-15
6240.0 3.1440390731248065e-15
6250.0 3.308224250888147e-15
6260.0 3.453902506557026e-15
6270.0 3.42062053954924e-15
6280.0 3.490373978423868e-15
6290.0 3.4158057116992117e-15
6300.0 3.418294826556844e-15
6310.0 3.4029957005129247e-15
6320.0 3.482722203687051e-15
6330.0 3.3390197281227915e-15
6340.0 3.231860382721999e-15
6350.0 3.349429011533572e-15
6360.0 3.1115347923241955e-15
6370.0 3.313104271525446e-15
6380.0 3.0637672452113033e-15
6390.0 3.1460561744240093e-15
6400.0 3.0449661017420007e-15
6410.0 3.037691908049974e-15
6420.0 2.9515387130627805e-15
6430.0 2.9996582381113087e-15
6440.0 3.0331260763268814e-15
6450.0 3.0802772304750183e-15
6460.0 2.9040511496880648e-15
6470.0 2.8953945065425973e-15
6480.0 2.847457385270351e-15
6490.0 2.945094994617747e-15
6500.0 2.893075108001153e-15
6510.0 2.90134361548662e-15
6520.0 2.7821686468978355e-15
6530.0 2.796713410886391e-15
6540.0 2.746718637679486e-15
6550.0 2.704138990144053e-15
6560.0 2.6950375847113836e-15
6570.0 2.6172732771098584e-15
6580.0 2.587520699174618e-15
6590.0 2.640204834203267e-15
6600.0 2.5865242437678688e-15
6610.0 2.444415319528988e-15
6620.0 2.4991473621234626e-15
6630.0 2.3828568437253897e-15
6640.0 2.453310807143004e-15
6650.0 2.3631359482566907e-15
6660.0 2.3967695892560755e-15
6670.0 2.3368087967414763e-15
6680.0 2.1750078036086373e-15
6690.0 2.4470887540094214e-15
6700.0 2.4036147190626096e-15
6710.0 2.384481278919252e-15
6720.0 2.335802284212035e-15
6730.0 2.3209775627757212e-15
6740.0 2.1788162735807714e-15
6750.0 2.0726524197802472e-15
6760.0 2.1161793758129382e-15
6770.0 2.1452657230242472e-15
6780.0 2.0256418531393197e-15
6790.0 2.2081645034693826e-15
6800.0 2.0576627964792048e-15
6810.0 2.110039631286405e-15
6820.0 2.0652293695954216e-15
6830.0 2.0436938381971613e-15
6840.0 2.0409803180093563e-15
6850.0 1.9716993429677537e-15
6860.0 1.882745523665866e-15
6870.0 1.9109906957224926e-15
6880.0 1.8468293637583903e-15
6890.0 1.7886999422160374e-15
6900.0 1.8397706011537527e-15
6910.0 1.881657523495346e-15
6920.0 1.7931504602769827e-15
6930.0 1.7740747027416415e-15
6940.0 1.8325066002110413e-15
6950.0 1.805877305757653e-15
6960.0 1.6584915495568043e-15
6970.0 1.6809521134600396e-15
6980.0 1.6002204568701643e-15
6990.0 1.6051351002681725e-15
7000.0 1.7077011828047842e-15
7010.0 1.6149972870746394e-15
7020.0 1.6299836996506816e-15
7030.0 1.5372595752011388e-15
7040.0 1.6043163864370717e-15
7050.0 1.5977511981069355e-15
7060.0 1.5886815502785284e-15
7070.0 1.5616560917562274e-15
7080.0 1.4761301591299347e-15
7090.0 1.4776072860266984e-15
7100.0 1.4261204461720342e-15
7110.0 1.629490192192096e-15
7120.0 1.5033046224202366e-15
7130.0 1.4462581643683862e-15
7140.0 1.4968721355069822e-15
7150.0 1.571212616547233e-15
7160.0 1.4792546173151587e-15
7170.0 1.5034725632009389e-15
7180.0 1.433222815383377e-15
7190.0 1.4418760717215572e-15
7200.0 1.5261775843068081e-15
7210.0 1.4643255737827603e-15
7220.0 1.5176235773025366e-15
7230.0 1.38050332555092e-15
7240.0 1.3650738699936595e-15
7250.0 1.4097163469057e-15
7260.0 1.4825408132828925e-15
7270.0 1.5036224337634224e-15
7280.0 1.3968702652054617e-15
7290.0 1.4248931044179851e-15
7300.0 1.3645959131050236e-15
7310.0 1.339583490881242e-15
7320.0 1.2753541248211287e-15
7330.0 1.2535427478155968e-15
7340.0 1.2620854972026097e-15
7350.0 1.190874554268729e-15
7360.0 1.060138454499864e-15
7370.0 1.1512729319201079e-15
7380.0 1.1804101329368952e-15
7390.0 1.173972694287576e-15
7400.0 1.1043953479107948e-15
7410.0 1.0914641101837632e-15
7420.0 1.0420704654507103e-15
7430.0 1.0515976125498288e-15
7440.0 1.0537452964478902e-15
7450.0 1.0636293917128576e-15
7460.0 9.651716219250438e-16
7470.0 9.37902520473408e-16
7480.0 9.280177379105655e-16
7490.0 7.807101193032593e-16
7500.0 8.896289942467773e-16
7510.0 9.218484339659955e-16
7520.0 9.121617030609924e-16
7530.0 8.680445923479068e-16
7540.0 8.971325492767845e-16
7550.0 8.567074139095634e-16
7560.0 8.220455540599019e-16
7570.0 8.753900736044345e-16
7580.0 8.615570451820436e-16
7590.0 8.913864021478777e-16
7600.0 8.870084405142299e-16
7610.0 8.683959705078933e-16
7620.0 9.37895379784364e-16
7630.0 9.710138228537576e-16
7640.0 9.287801424514632e-16
7650.0 8.464723886127617e-16
7660.0 8.248750718907032e-16
7670.0 9.32012164640399e-16
7680.0 9.116040675316147e-16
7690.0 9.189664612934316e-16
7700.0 9.664872143901075e-16
7710.0 8.935124741656803e-16
7720.0 8.972489637781106e-16
7730.0 1.0836606100458186e-15
7740.0 1.1017911214166408e-15
7750.0 9.240008464109182e-16
7760.0 9.355067567840944e-16
7770.0 1.0216627949411186e-15
7780.0 1.0209264982617813e-15
7790.0 1.129108855965539e-15
7800.0 1.1294556542273924e-15
7810.0 1.1872703740795342e-15
7820.0 1.1405924372316424e-15
7830.0 1.2379812865340256e-15
7840.0 1.2590200655949686e-15
7850.0 1.2921960196572475e-15
7860.0 1.2146855881779788e-15
7870.0 1.0344398321232964e-15
7880.0 1.2398726105183008e-15
7890.0 1.3411549512522753e-15
7900.0 1.2896913079318678e-15
7910.0 1.2246435113945452e-15
7920.0 1.1603995908324222e-15
7930.0 1.0833355513976302e-15
7940.0 1.1046808045126014e-15
7950.0 1.2059867801623617e-15
7960.0 1.1897576529008656e-15
7970.0 1.136871550519367e-15
7980.0 9.879081566253627e-16
7990.0 1.0372461736055995e-15
8000.0 1.0061114838506551e-15
8010.0 1.114530143342584e-15
8020.0 1.0075763601599346e-15
8030.0 1.0303935228092764e-15
8040.0 9.66620336666684e-16
8050.0 9.691765369214014e-16
8060.0 9.624020889427353e-16
8070.0 8.984244424226243e-16
8080.0 1.1035610076063739e-15
8090.0 1.0679650262399067e-15
8100.0 1.0218732887319408e-15
8110.0 1.1124376583759514e-15
8120.0 9.735787913243976e-16
8130.0 1.0524782758527657e-15
8140.0 1.0851016813937862e-15
8150.0 9.430262110795754e-16
8160.0 1.0509735808473397e-15
8170.0 1.0850823130006832e-15
8180.0 1.002168258470843e-15
8190.0 8.980580665694784e-16
8200.0 8.804418029534555e-16
8210.0 8.481771573362001e-16
8220.0 8.642606177071164e-16
8230.0 7.946560237373602e-16
8240.0 7.169238135281204e-16
8250.0 7.698555772630021e-16
8260.0 7.207318877989396e-16
8270.0 7.999043298037448e-16
8280.0 7.565517702019178e-16
8290.0 9.109985434373333e-16
8300.0 9.909003553088739e-16
8310.0 9.740746981478745e-16
8320.0 9.209383263937455e-16
8330.0 8.545079637046358e-16
8340.0 8.971181079589873e-16
8350.0 9.377619807950021e-16
8360.0 9.759843153380462e-16
8370.0 1.028188304090223e-15
8380.0 9.148099980293105e-16
8390.0 9.106045372009975e-16
8400.0 9.646741105277878e-16
8410.0 9.85143301730117e-16
8420.0 1.0544266992140163e-15
8430.0 1.113771853221174e-15
8440.0 1.2120473252114858e-15
8450.0 1.1224604790403444e-15
8460.0 1.1309089185609533e-15
8470.0 1.0167201429951897e-15
8480.0 1.0033458378060542e-15
8490.0 1.1488688825392003e-15
8500.0 1.2880867954429552e-15
8510.0 1.0654134609924013e-15
8520.0 1.3198052441903993e-15
8530.0 1.2501525374527833e-15
8540.0 1.2507171872806703e-15
8550.0 1.2878445576982437e-15
8560.0 1.1150340331460467e-15
8570.0 1.2833377701627395e-15
8580.0 1.4028504926058898e-15
8590.0 1.390421921087511e-15
8600.0 1.2062089016357537e-15
8610.0 1.1220056173183003e-15
8620.0 1.0710994115738372e-15
8630.0 1.1239041961623191e-15
8640.0 1.252950216704302e-15
8650.0 1.1521133730817649e-15
8660.0 1.0915251538721745e-15
8670.0 1.1185659876221158e-15
8680.0 1.0210959279636277e-15
8690.0 1.16603422117681e-15
8700.0 1.1964630699677083e-15
8710.0 1.1604303859298912e-15
8720.0 1.0996101691488403e-15
8730.0 1.017552447678003e-15
8740.0 1.2089757483320887e-15
8750.0 1.0987310207995336e-15
8760.0 1.0178960947293433e-15
8770.0 1.0632851958126435e-15
8780.0 1.3052516747459006e-15
8790.0 1.1142010542989183e-15
8800.0 1.133706774377716e-15
8810.0 1.1065655877164693e-15
8820.0 1.1219910400534429e-15
8830.0 9.239108845883804e-16
8840.0 8.461441690758518e-16
8850.0 9.64325970392844e-16
8860.0 9.45370862922397e-16
8870.0 8.700602524968071e-16
8880.0 1.0621138259301912e-15
8890.0 9.940941964824507e-16
8900.0 8.211928315290036e-16
8910.0 8.359207411057535e-16
8920.0 8.875194068126148e-16
8930.0 7.376173237510283e-16
8940.0 1.0168558668885583e-15
8950.0 8.703032781606592e-16
8960.0 7.575235494239847e-16
8970.0 7.243412342488877e-16
8980.0 5.974874020103841e-16
8990.0 6.654562729103715e-16
9000.0 7.952169622681288e-16
9010.0 7.992763622790911e-16
9020.0 8.605090963481001e-16
9030.0 7.618172125072449e-16
9040.0 7.829394307684054e-16
9050.0 7.967919851415397e-16
9060.0 6.462533814096284e-16
9070.0 6.664387920765368e-16
9080.0 8.414551066624451e-16
9090.0 7.709594429223707e-16
9100.0 6.916076533206023e-16
9110.0 6.255868831911032e-16
9120.0 5.40413728175862e-16
9130.0 7.00615573438705e-16
9140.0 6.129958741677372e-16
9150.0 8.28046832705832e-16
9160.0 7.310967435315338e-16
9170.0 7.375268563029932e-16
9180.0 5.926443707019522e-16
9190.0 4.900628774683535e-16
9200.0 6.149649805942467e-16
9210.0 4.0086379351120054e-16
9220.0 4.928659572561268e-16
9230.0 5.945503049973631e-16
9240.0 6.086158716591238e-16
9250.0 8.587862357295748e-16
9260.0 7.319222163005223e-16
9270.0 6.041496475244867e-16
9280.0 4.910486196344653e-16
9290.0 5.224010823833366e-16
9300.0 6.389805596144735e-16
9310.0 5.56437889932398e-16
9320.0 5.367079900696672e-16
9330.0 5.469768304144954e-16
9340.0 4.417544353468887e-16
9350.0 5.881432921991768e-16
9360.0 4.2602656544562335e-16
9370.0 5.167902396842473e-16
9380.0 5.9594792433228755e-16
9390.0 5.576498420085627e-16
9400.0 7.504729763835871e-16
9410.0 5.772479928159001e-16
9420.0 4.583458477875998e-16
9430.0 6.366997977345675e-16
9440.0 4.685075686459854e-16
9450.0 4.0981626052065994e-16
9460.0 5.425280249628866e-15
9470.0 3.641817098950461e-16
9480.0 4.333376434119568e-16
9490.0 5.351378320565368e-16
9500.0 4.4112246128028384e-16
9510.0 4.324045417025741e-16
9520.0 5.299506361749078e-16
9530.0 5.374239962659885e-16
9540.0 4.272179165908269e-16
9550.0 3.407866637530757e-16
9560.0 3.110369920214514e-16
9570.0 4.238469952713215e-16
9580.0 3.6971397740996235e-16
9590.0 4.215597405303566e-16
9600.0 4.2010217774057286e-16
9610.0 2.800649792167576e-16
9620.0 3.19614515586817e-16
9630.0 2.2722707352520164e-16
9640.0 4.0402969779805875e-16
9650.0 6.455551488221391e-16
9660.0 3.0240248370969733e-16
9670.0 3.6972868328744464e-16
9680.0 5.007037328764204e-16
9690.0 4.3609865077787717e-16
9700.0 2.2812154307148695e-16
9710.0 2.7505140277162344e-16
9720.0 9.496040396078061e-17
9730.0 6.86984435718831e-16
9740.0 2.1871379913693451e-16
9750.0 3.422070839984879e-16
9760.0 2.741141116495536e-16
9770.0 5.112607270515275e-16
9780.0 2.67360163514127e-16
9790.0 2.741201956067175e-16
9800.0 4.6243690648476e-16
9810.0 4.045992644182657e-16
9820.0 2.6440292722593314e-16
9830.0 3.7220920813884365e-16
9840.0 3.9431917671934124e-16
9850.0 5.7291910596665955e-18
9860.0 1.3101626626403407e-16
9870.0 2.1249923481671568e-16
9880.0 3.3378913966689234e-16
9890.0 3.6708095797958026e-16
9900.0 2.322551806135528e-16
9910.0 1.5929879416752868e-16
9920.0 2.457235472636837e-16
9930.0 3.420070598333506e-16
9940.0 3.761662972718016e-16
9950.0 9.094711139251314e-17
9960.0 2.2749704522320887e-16
9970.0 2.7310064289642146e-16
9980.0 4.657453815522771e-16
9990.0 9.653396928193915e-17
10000.0 2.95263642479144e-16
10010.0 1.0627844872926807e-17
10020.0 2.315599869724891e-16
10030.0 1.3590900108890191e-16
10040.0 1.8023355393617248e-16
10050.0 4.162069765147869e-16
10060.0 1.2981217769212553e-16
10070.0 -1.1657127751196441e-16
10080.0 5.520278339525554e-16
10090.0 6.525251314917063e-16
10100.0 3.379951594846842e-16
